Steps, Space Group, Energy/Atom
0, P1(1), -77.1751
50, I-42m(121), -77.0734
100, I-42m(121), -77.2238
150, Cm(8), -76.99842
200, Pm(6), -77.12815
250, P2_1(4), -77.08661
300, P1(1), -77.13035
350, P1(1), -77.14961
400, P1(1), -77.15365
450, P1(1), -77.1321
500, P1(1), -77.02027
550, I-42m(121), -77.10064
600, Cc(9), -77.03123
650, Pmn2_1(31), -77.29524
700, Pm(6), -77.13727
750, Pm(6), -77.14218
800, Pm(6), -77.14885
850, P1(1), -76.93753
900, Cm(8), -77.21342
950, P1(1), -76.62241
1000, I-42m(121), -77.18907
1050, I-42m(121), -77.24527
1100, P1(1), -77.0158
1150, Cm(8), -77.00151
1200, Aem2(39), -77.15834
1250, Pm(6), -77.0353
1300, P1(1), -77.13376
1350, Amm2(38), -77.16642
1400, I-42m(121), -77.21299
1450, I-42m(121), -77.24954
1500, Pm(6), -77.06686
1550, Pmn2_1(31), -77.29551
1600, P1(1), -77.0854
1650, P1(1), -76.93
1700, Pmn2_1(31), -77.31083
1750, P2_1(4), -77.18411
1800, P1(1), -76.92694
1850, P1(1), -76.73807
1900, P1(1), -76.89745
1950, P1(1), -76.79315
2000, P1(1), -76.64794
2050, P1(1), -76.92494
2100, P1(1), -76.9794
2150, P1(1), -76.93073
2200, Cc(9), -77.02384
2250, Cc(9), -77.03642
2300, Cc(9), -77.01722
2350, P1(1), -76.5706
2400, P1(1), -76.51688
2450, P1(1), -76.63208
2500, P1(1), -76.39774
2550, P1(1), -76.76606
2600, P1(1), -77.03465
2650, P1(1), -77.12107
2700, P1(1), -76.80606
2750, P1(1), -77.02769
2800, P1(1), -77.02662
2850, P1(1), -77.028
2900, P1(1), -76.32741
2950, P1(1), -76.40807
3000, P1(1), -76.86833
3050, P1(1), -76.75968
3100, P1(1), -76.71319
3150, P1(1), -76.43878
3200, P1(1), -76.49931
3250, P1(1), -76.74723
3300, P1(1), -77.0601
3350, P1(1), -77.08676
3400, P1(1), -77.13502
3450, P1(1), -77.01172
3500, P1(1), -76.68307
3550, P1(1), -77.16339
3600, P1(1), -77.07791
3650, I-42m(121), -77.0676
3700, I-42m(121), -77.15013
3750, P1(1), -77.12087
3800, P1(1), -77.04483
3850, C2(5), -77.16174
3900, P1(1), -77.14944
3950, P1(1), -77.07982
4000, P1(1), -77.12934
4050, P1(1), -77.0704
4100, I-42m(121), -77.11645
4150, I-42m(121), -77.1854
4200, Cm(8), -77.03737
4250, C2(5), -77.17131
4300, P1(1), -77.11503
4350, P1(1), -77.02213
4400, P1(1), -77.13549
4450, P1(1), -77.10454
4500, P1(1), -76.90013
4550, P1(1), -76.9931
4600, C2(5), -77.11866
4650, C2(5), -77.15961
4700, C2(5), -77.21035
4750, C2(5), -77.22734
4800, P1(1), -77.08716
4850, P1(1), -77.06434
4900, P1(1), -77.09773
4950, P1(1), -77.16935
5000, P1(1), -76.74922
5050, P1(1), -76.78207
5100, P1(1), -77.08099
5150, P1(1), -77.10058
5200, P1(1), -77.09217
5250, P1(1), -77.15079
5300, P1(1), -76.9851
5350, P1(1), -77.07815
5400, P1(1), -77.07476
5450, C2(5), -77.14257
5500, P1(1), -77.12751
5550, P1(1), -77.15449
5600, P1(1), -77.15291
5650, P1(1), -76.8466
5700, P1(1), -76.54362
5750, P1(1), -76.63733
5800, P1(1), -77.01149
5850, P1(1), -77.04068
5900, P1(1), -76.73839
5950, P1(1), -77.08167
6000, P1(1), -77.08384
6050, P1(1), -76.57573
6100, P1(1), -76.34492
6150, P1(1), -76.14312
6200, P1(1), -76.30002
6250, P1(1), -76.64154
6300, Pm(6), -76.63147
6350, P1(1), -75.47414
6400, P1(1), -76.67611
6450, P1(1), -76.79196
6500, P1(1), -76.71621
6550, P1(1), -77.05331
6600, P1(1), -76.83352
6650, P1(1), -76.59216
6700, P1(1), -77.09019
6750, C2(5), -77.16212
6800, P1(1), -77.12196
6850, P1(1), -77.12147
6900, C2(5), -77.135
6950, P1(1), -77.14719
7000, P1(1), -77.0984
7050, C2(5), -77.13085
7100, P1(1), -77.15622
7150, P1(1), -77.0961
7200, P1(1), -77.14441
7250, P1(1), -77.03898
7300, P1(1), -76.66612
7350, P1(1), -76.86982
7400, P1(1), -76.90977
7450, P1(1), -76.41155
7500, P1(1), -76.37676
7550, P1(1), -77.09042
7600, P1(1), -76.81
7650, P1(1), -76.78261
7700, P1(1), -76.84806
7750, P1(1), -76.5109
7800, P1(1), -76.42274
7850, P1(1), -76.61997
7900, P1(1), -75.62119
7950, P1(1), -76.88492
8000, P1(1), -77.08271
8050, P1(1), -76.78055
8100, P1(1), -77.06532
8150, P1(1), -77.14785
8200, P1(1), -77.02177
8250, P1(1), -77.08942
8300, P1(1), -77.08175
8350, P1(1), -77.09498
8400, P1(1), -77.10046
8450, P1(1), -77.08656
8500, P1(1), -77.14841
8550, P1(1), -77.13864
8600, P1(1), -77.15151
8650, P1(1), -77.12302
8700, P1(1), -77.11884
8750, Cc(9), -77.06558
8800, P1(1), -76.61539
8850, P1(1), -77.02514
8900, C2(5), -77.15369
8950, C2(5), -77.1891
9000, P1(1), -77.03107
9050, Cm(8), -77.02462
9100, P1(1), -77.06919
9150, P1(1), -77.1276
9200, P1(1), -77.0606
9250, C2(5), -77.14986
9300, C2(5), -77.14122
9350, P1(1), -77.14924
9400, P1(1), -77.0836
9450, P1(1), -77.14975
9500, P1(1), -76.45239
9550, P1(1), -77.05678
9600, P1(1), -77.0914
9650, P1(1), -77.07252
9700, P1(1), -77.03782
9750, P1(1), -76.63485
9800, P1(1), -77.09387
9850, P1(1), -77.01502
9900, P1(1), -76.79385
9950, P1(1), -76.44839
