Steps, Space Group, Energy/Atom
0, P2_1(4), -76.93804
50, P2_1(4), -77.11514
100, Pmn2_1(31), -77.17125
150, Pmn2_1(31), -77.38903
200, Pmn2_1(31), -77.40864
250, P2_1(4), -76.85607
300, P2_1(4), -76.8837
350, P2_1(4), -77.17202
400, P2_1(4), -77.18446
450, P2_1(4), -77.01408
500, P2_1(4), -76.97258
550, P2_1(4), -76.90025
600, P2_1(4), -77.02556
650, P2_1(4), -77.1466
700, P2_1(4), -76.84206
750, P2_1/m(11), -77.00672
800, P2_1(4), -77.14953
850, P2_1(4), -77.04209
900, P2_1(4), -76.65895
950, P2_1(4), -77.20625
1000, P2_1(4), -77.19585
1050, P2_1(4), -76.79382
1100, P2_1/m(11), -76.9355
1150, P2_1(4), -76.8336
1200, P2_1(4), -76.85604
1250, P2_1(4), -77.21431
1300, P2_1/m(11), -76.72151
1350, P2_1(4), -76.91243
1400, P2_1(4), -76.92229
1450, P2_1(4), -77.1872
1500, P2_1(4), -77.18077
1550, P2_1(4), -76.8614
1600, P2_1(4), -77.18769
1650, P2_1/m(11), -76.95531
1700, P2_1/m(11), -76.95556
1750, P2_1/m(11), -76.63293
1800, P2_1(4), -77.1953
1850, P2_1(4), -77.06673
1900, P2_1(4), -77.1543
1950, P2_1(4), -76.41315
2000, P2_1(4), -77.07778
2050, P2_1(4), -76.79766
2100, P2_1(4), -77.16808
2150, P2_1(4), -77.12912
2200, P2_1(4), -76.71378
2250, P2_1(4), -77.116
2300, P2_1(4), -76.73535
2350, P2_1(4), -77.11224
2400, P2_1(4), -76.62928
2450, P2_1(4), -77.04621
2500, Pmn2_1(31), -77.2485
2550, P2_1(4), -76.87943
2600, P2_1(4), -77.09095
2650, P2_1(4), -76.76064
2700, P2_1(4), -77.33163
2750, P2_1(4), -77.07116
2800, P2_1(4), -77.26668
2850, Pmn2_1(31), -76.85917
2900, P2_1(4), -77.12944
2950, P2_1(4), -77.06864
3000, P2_1(4), -77.15987
3050, Pmn2_1(31), -77.3876
3100, P2_1(4), -76.88109
3150, P2_1(4), -77.10184
3200, P2_1(4), -76.74879
3250, P2_1(4), -76.36498
3300, P2_12_12(18), -77.04045
3350, P2_1(4), -76.61351
3400, P2_1(4), -76.85062
3450, P2_1(4), -77.10698
3500, P2_12_12(18), -77.05949
3550, P2_1(4), -77.042
3600, P2_1(4), -76.64368
3650, Pmn2_1(31), -76.66939
3700, P2_1(4), -77.05825
3750, Pmn2_1(31), -77.16568
3800, P2_1(4), -77.07443
3850, P2_1(4), -76.41136
3900, P2_1(4), -76.6379
3950, Pmn2_1(31), -77.10976
4000, P2_1(4), -76.76632
4050, P2_1(4), -77.02794
4100, P2_1(4), -76.40119
4150, P2_1(4), -77.11722
4200, P2_1(4), -76.85016
4250, P2_1/m(11), -76.96426
4300, P2_1/m(11), -76.23537
4350, P2_1(4), -76.76198
4400, P2_1(4), -76.35619
4450, P2_1(4), -77.05556
4500, P2_1(4), -77.01948
4550, Pmn2_1(31), -77.14717
4600, P2_1(4), -77.04686
4650, Pmn2_1(31), -77.33141
4700, P2_1(4), -76.8971
4750, P2_1(4), -76.6355
4800, P2_1(4), -76.09018
4850, P2_1(4), -76.91575
4900, Pmn2_1(31), -77.35989
4950, Pmn2_1(31), -77.40462
5000, P2_1(4), -77.06351
5050, P2_1(4), -76.82948
5100, P2_1(4), -77.00633
5150, P2_1(4), -76.98236
5200, P2_1(4), -76.66513
5250, P2_1(4), -77.03119
5300, P2_1(4), -77.02772
5350, Pmn2_1(31), -77.23864
5400, P2_1(4), -77.11192
5450, P2_1(4), -76.73981
5500, P2_1(4), -77.11868
5550, P2_1(4), -76.66279
5600, P2_1(4), -76.82959
5650, P2_1(4), -76.47899
5700, P2_1(4), -76.70898
5750, P2_1/m(11), -76.49531
5800, P2_1(4), -76.49455
5850, P2_1(4), -76.48571
5900, P2_1(4), -76.51771
5950, P2_1(4), -76.43145
6000, P2_1(4), -76.93477
6050, P2_1(4), -76.7477
6100, Pmn2_1(31), -76.73321
6150, P2_1(4), -76.65659
6200, P2_1(4), -76.78063
6250, P2_1(4), -76.82385
6300, P2_1(4), -77.07818
6350, Pmn2_1(31), -77.22819
6400, P2_1(4), -77.04312
6450, P2_1(4), -77.12877
6500, P2_1(4), -77.04994
6550, P2_1(4), -76.71462
6600, P2_1(4), -76.86525
6650, P2_1(4), -76.87956
6700, P2_1(4), -76.87337
6750, P2_1(4), -77.07929
6800, P2_1(4), -77.06652
6850, P2_1(4), -76.62945
6900, P2_1(4), -76.86526
6950, P2_1(4), -77.18509
7000, P2_1(4), -76.57198
7050, P2_1(4), -77.09876
7100, P2_1(4), -76.64436
7150, P2_1(4), -76.68653
7200, P2_1(4), -77.0932
7250, P2_1/m(11), -76.57515
7300, P2_1(4), -77.23292
7350, P2_1(4), -76.84602
7400, P2_1(4), -76.70962
7450, P2_1(4), -76.73054
7500, P2_1(4), -76.77257
7550, P2_1(4), -76.78737
7600, P2_1(4), -76.77199
7650, P2_1(4), -75.90259
7700, P2_1(4), -76.69183
7750, P2_1(4), -76.65872
7800, P2_1(4), -76.87146
7850, P2_1(4), -76.99829
7900, P2_1(4), -76.33762
7950, P2_1(4), -76.815
8000, P2_1(4), -77.11228
8050, P2_1(4), -77.02108
8100, P2_1(4), -77.0366
8150, P2_1(4), -76.73557
8200, Pmn2_1(31), -77.30647
8250, P2_1(4), -77.0686
8300, P2_1(4), -76.72165
8350, P2_1(4), -77.00878
8400, P2_1(4), -77.05467
8450, P2_1(4), -76.98905
8500, P2_1(4), -76.85634
8550, P2_1/m(11), -76.96279
8600, P2_1(4), -76.91013
8650, P2_1(4), -76.804
8700, P2_1(4), -76.92789
8750, P2_1(4), -77.16741
8800, P2_1(4), -76.86095
8850, P2_1(4), -77.19465
8900, P2_1(4), -76.86942
8950, P2_1(4), -77.20648
9000, P2_1(4), -76.47402
9050, P2_1(4), -77.10137
9100, P2_1(4), -76.79448
9150, P2_1(4), -76.8577
9200, Fmm2(42), -76.83342
9250, P2_1(4), -77.00269
9300, P2_1(4), -76.84392
9350, P2_1(4), -76.84041
9400, P2_1(4), -76.90837
9450, P2_1(4), -77.02047
9500, P2_1(4), -76.30797
9550, P2_12_12(18), -77.07471
9600, P2_1(4), -76.93124
9650, P2_1(4), -76.75722
9700, Pmn2_1(31), -76.82554
9750, P2_1(4), -77.12371
9800, Pmn2_1(31), -77.19581
9850, P2_1(4), -77.04942
9900, P2_1(4), -76.85973
9950, Pmn2_1(31), -77.35594
